11111111111111111111111111111111
10101010101010101010101010101011
11010101010101010101010101010101
10101010101010101010101010101011
11010101010101010101010101010101
10101010101010101010101010101011
11010101010101010101010101010101
10101010101010101010101010101011
11010101010101010101010101010101
10101010101010101010101010101011
11010101010101010101010101010101
10101010101010101010101010101011
11010101010101010101010101010101
10101010101010101010101010101011
11010101010101010101010101010101
10101010101010101010101010101011
11010101010101010101010101010101
10101010101010101010101010101011
11010101010101010101010101010101
10101010101010101010101010101011
11010101010101010101010101010101
10101010101010101010101010101011
11010101010101010101010101010101
11111111111111111111111111111111
