11111111111111111111111111111111
10000000000000000000000000000001
10000000000000000000000000000001
10000000000001100000000000000001
10000000000001100000000000000001
10000000000001100000000000000001
10000000000001110000000000000001
10000000000000111000000000000001
10000000000001111000000000000001
10000000000000000000011000000001
10000001100000000000011100000001
10000001100000000000011100000001
10000001100000000000011110000001
10000000000000000000000000000001
10000000000001110000000000000001
10000000000001111000000000000001
10000000000001111000000000000001
10000000000001110000000000000001
10000000000000110000000000000001
10000000000000110000000000000001
10000000000000000000000000000001
10000000000000000000000000000001
10000000000000000000000000000001
11111111111111111111111111111111